5.553203157490533837e-01 3.188510864715844995e-01 1.258285977793622001e-01
2.245092674953424183e-01 6.732927016651191199e-01 1.021980308395386006e-01
6.740056337416920895e-01 2.646213425836740907e-01 6.137302367463375041e-02
2.245053281117268540e-01 6.732953406201245272e-01 1.021993312681486049e-01
2.249174218359818733e-01 6.730191615743088551e-01 1.020634165897093826e-01
2.249468257109034086e-01 6.729994461765285152e-01 1.020537281125680484e-01
3.726595778457406638e-01 5.584125259868739644e-01 6.892789616738544123e-02
2.245051491415759604e-01 6.732954605099658041e-01 1.021993903484582217e-01
5.719203472752837358e-01 3.112856333301350920e-01 1.167940193945811306e-01
5.660243243215078435e-01 3.148081359313300576e-01 1.191675397471621128e-01
5.659915234102277370e-01 3.148276740892336778e-01 1.191808025005385019e-01
6.749160018938452632e-01 2.639607631303678148e-01 6.112323497578698445e-02
5.658232406011592941e-01 3.149279030778989186e-01 1.192488563209416902e-01
2.661243707283410531e-01 6.049078924346330544e-01 1.289677368370259758e-01
5.451355846654920567e-01 3.247541715527677009e-01 1.301102437817401314e-01
5.451350440704223477e-01 3.247544831678566002e-01 1.301104727617210244e-01
5.456242822505279477e-01 3.244723968460949126e-01 1.299033209033771397e-01
5.697536851425708537e-01 3.125824961489463427e-01 1.176638187084828036e-01
5.471574728400488974e-01 3.235874156408274360e-01 1.292551115191236111e-01
5.657947025215221970e-01 3.149448986252629257e-01 1.192603988532149051e-01
5.453607564903306670e-01 3.246243598923367890e-01 1.300148836173325162e-01
5.657682980001553785e-01 3.149606231183120220e-01 1.192710788815325579e-01
5.465289353149820339e-01 3.239503948810479872e-01 1.295206698039700066e-01
2.245339787096818918e-01 6.732761473497205218e-01 1.021898739405975864e-01
6.743491766623462835e-01 2.643721081600091116e-01 6.127871517764462567e-02
5.655327696755236833e-01 3.151008670251008170e-01 1.193663632993755830e-01
5.659141848946536157e-01 3.148737389092767791e-01 1.192120761960696051e-01
5.654868863572733995e-01 3.151281840807808043e-01 1.193849295619457129e-01
5.654954232123466928e-01 3.151231016815529418e-01 1.193814751061004070e-01
5.655295685624008861e-01 3.151027728783846182e-01 1.193676585592144818e-01
5.656159955003804418e-01 3.150513145297572648e-01 1.193326899698622934e-01
5.679785826504647472e-01 3.136428974125673452e-01 1.183785199369678798e-01
6.738289364009076854e-01 2.647495114896779023e-01 6.142155210941442622e-02
2.244582392377205138e-01 6.733268832643434232e-01 1.022148774979361602e-01
5.592065899827207698e-01 3.165817034748538150e-01 1.242117065424254013e-01
5.692803722060341132e-01 3.128654257973398356e-01 1.178542019966261484e-01
5.655565107917585044e-01 3.150867320354858170e-01 1.193567571727555260e-01
5.656013245974426118e-01 3.150600498597851407e-01 1.193386255427722059e-01
6.740421214614611412e-01 2.645948740512524266e-01 6.136300448728640444e-02
5.656250646655214265e-01 3.150459145143854611e-01 1.193290208200930430e-01
6.739344991230848958e-01 2.646729424720057899e-01 6.139255840490930038e-02
5.661011240651586673e-01 3.147623869410796638e-01 1.191364889937617799e-01
2.245098046815953707e-01 6.732923418075023037e-01 1.021978535109023534e-01
5.605017544741665025e-01 3.158233390317281009e-01 1.236749064941053133e-01
6.739067821511960377e-01 2.646930472556926484e-01 6.140017059311128622e-02
6.738427970378614296e-01 2.647394580987062485e-01 6.141774486343239831e-02
6.738471860566063176e-01 2.647362746384750443e-01 6.141653930491862423e-02
6.739067821511960377e-01 2.646930472556926484e-01 6.140017059311128622e-02
6.738471860566063176e-01 2.647362746384750443e-01 6.141653930491862423e-02
6.738919991679831467e-01 2.647037700908941305e-01 6.140423074112260488e-02
5.456442819407745226e-01 3.244608621801813864e-01 1.298948558790440910e-01
5.453234548417322802e-01 3.246458665045495739e-01 1.300306786537181181e-01
5.481567359096003456e-01 3.230098354853612186e-01 1.288334286050383803e-01
5.655765170933781949e-01 3.150748204169230293e-01 1.193486624896989007e-01
5.655154303006139083e-01 3.151111903304927297e-01 1.193733793688933342e-01
2.812253741664233475e-01 5.981656876148757629e-01 1.206089382187008757e-01
5.656464039157834689e-01 3.150332083778198955e-01 1.193203877063966217e-01
5.655319693978613227e-01 3.151013434886321130e-01 1.193666871135067031e-01
5.657552288644084326e-01 3.149684059306606110e-01 1.192763652049311091e-01
5.655303688412999241e-01 3.151022964152739858e-01 1.193673347434261178e-01
5.655357039567024957e-01 3.150991200306788587e-01 1.193651760126186873e-01
5.655613123756914051e-01 3.150838732264114039e-01 1.193548143978971771e-01
5.655279680033664658e-01 3.151037258041852751e-01 1.193683061924483285e-01
5.655815852328026638e-01 3.150718028422536121e-01 1.193466119249437102e-01
5.655423727751502927e-01 3.150951495709679584e-01 1.193624776538818322e-01
5.655837193709235544e-01 3.150705321699130423e-01 1.193457484591633200e-01
5.656496045878620649e-01 3.150313025619862484e-01 1.193190928501517006e-01
4.491950429054628047e-02 2.611285613067641509e-01 6.939519344026895409e-01
2.214981965123274596e-02 2.099872790865294492e-01 7.678629012622377736e-01
2.197341019543568377e-02 2.022898109451740367e-01 7.757367788593904079e-01
2.197477198252727193e-02 2.022926758349068987e-01 7.757325521825659820e-01
4.489987932927994030e-02 2.636032624763962051e-01 6.914968581943238268e-01
2.209426905408485783e-02 2.077539692380008518e-01 7.701517617079142175e-01
2.214979172469650620e-02 2.099872191220082118e-01 7.678629891532952056e-01
2.182047785475373439e-02 1.434088698633644854e-01 8.347706522818817421e-01
4.744586714047114434e-02 8.940616017734788479e-02 8.631479726821810194e-01
5.337154687575841605e-02 9.362466526380280873e-02 8.530037878604387336e-01
4.479192168314683614e-02 2.439856036479485790e-01 7.112224746689045363e-01
1.091358606075673449e-01 1.352936119676595994e-01 7.555705274247730419e-01
1.089774053584226243e-01 1.352607300103920995e-01 7.557618646311852206e-01
1.089793209840832361e-01 1.352611279634282626e-01 7.557595510524885984e-01
4.475568231951725789e-02 2.511296228111631335e-01 7.041146948693195462e-01
4.468207348507358123e-02 2.438669527055407626e-01 7.114509738093856006e-01
1.090743716816606340e-01 1.352808606051945639e-01 7.556447677131447049e-01
1.089774053584226243e-01 1.352607300103920995e-01 7.557618646311852206e-01
1.089793209840832361e-01 1.352611279634282626e-01 7.557595510524885984e-01
1.091359885074805330e-01 1.352936384798030800e-01 7.555703730127163453e-01
2.209401802840735285e-02 2.077534332157907893e-01 7.701525487558018579e-01
2.206716937437751269e-02 2.066457236122994645e-01 7.712871070133230367e-01
1.091050484670548354e-01 1.352872236074057488e-01 7.556077279255394297e-01
5.310326013384863292e-02 9.351676313716515698e-02 8.533799767289862448e-01
2.214981965123274596e-02 2.099872790865294492e-01 7.678629012622377736e-01
2.214981965123274596e-02 2.099872790865294492e-01 7.678629012622377736e-01
2.191667726224083568e-02 2.001186502037743398e-01 7.779646725339849356e-01
2.197271544417193911e-02 2.022883492851620668e-01 7.757389352706660635e-01
2.197271544417193911e-02 2.022883492851620668e-01 7.757389352706660635e-01
4.489987932927994030e-02 2.636032624763962051e-01 6.914968581943238268e-01
2.214981965123274596e-02 2.099872790865294492e-01 7.678629012622377736e-01
4.456245737000997381e-02 2.545631198366232195e-01 7.008744227933668691e-01
5.335136290413190763e-02 9.361656616871405490e-02 8.530320709271540514e-01
5.319782102609498659e-02 9.355485594319705445e-02 8.532473230307079382e-01
5.314971384368830792e-02 9.353548487092676333e-02 8.533148012853849496e-01
5.313660074908215653e-02 9.353020168190244454e-02 8.533331975690152671e-01
5.308800791727540797e-02 9.351061267212577854e-02 8.534013794105987927e-01
5.306658113123046555e-02 9.350196935814117372e-02 8.534314495106283260e-01
5.307255830785995165e-02 9.350438082780412885e-02 8.534230608643359473e-01
2.212207030203524466e-02 2.088683542727119424e-01 7.690095754252528337e-01
2.199448531197044018e-02 2.023341302674918629e-01 7.756713844205377351e-01
4.483768209927663922e-02 2.647873118945953674e-01 6.903750060061280003e-01
5.306557379260368884e-02 9.350156292469503916e-02 8.534328632827012928e-01
4.481975311781839083e-02 2.647669291492342758e-01 6.904133177329473403e-01
4.480394217993076411e-02 2.647489469308617061e-01 6.904471108892076270e-01
1.088555048742132214e-01 1.352353846411593064e-01 7.559091104846275000e-01
4.480394217993076411e-02 2.647489469308617061e-01 6.904471108892076270e-01
1.088555048742132214e-01 1.352353846411593064e-01 7.559091104846275000e-01
4.490326499637840862e-02 2.525043188132771177e-01 7.025924161903445153e-01
4.483366318583822258e-02 2.622780191740618494e-01 6.928883176400999488e-01
4.480971491638458676e-02 2.635011308302908639e-01 6.916891542533245563e-01
5.314413202699531935e-02 9.353323614719437351e-02 8.533226318258103626e-01
5.305751663449646133e-02 9.349831180851249368e-02 8.534441715569910381e-01
4.754928596603699709e-02 8.945184245596868311e-02 8.629988715779942643e-01
9.885722147381122149e-02 1.536215535453382686e-01 7.475212249808504961e-01
9.982911722183428205e-02 1.538795459518850772e-01 7.462913368262806824e-01
9.882914926917032994e-02 1.536140478290158040e-01 7.475568029018138105e-01
9.917033250474023565e-02 1.537050648577068246e-01 7.471246026375528704e-01
9.884394165875910743e-02 1.536180032760985914e-01 7.475380550651423706e-01
2.210287207241788329e-02 2.088272294470392976e-01 7.690698984805429683e-01
2.210287207241788329e-02 2.088272294470392976e-01 7.690698984805429683e-01
2.210267683620783727e-02 2.088268110622120977e-01 7.690705121015801726e-01
4.747327544545766609e-02 8.941827624993040069e-02 8.631084483046118638e-01
2.216438113133441246e-02 2.100185365003911786e-01 7.678170823682743951e-01
2.215345217138170453e-02 2.099950783351250683e-01 7.678514694934931439e-01
1.089571017072873821e-01 1.352565114713877026e-01 7.557863868213249292e-01
1.089394823462112444e-01 1.352528496934257141e-01 7.558076679603631387e-01
9.881727014135875675e-02 1.536108707692198094e-01 7.475718590894213644e-01
9.932218322909824870e-02 1.537454300567951404e-01 7.469323867141065554e-01
2.214981965123274596e-02 2.099872790865294492e-01 7.678629012622377736e-01
2.197341019543568377e-02 2.022898109451740367e-01 7.757367788593904079e-01
2.197477198252727193e-02 2.022926758349068987e-01 7.757325521825659820e-01
4.489987932927994030e-02 2.636032624763962051e-01 6.914968581943238268e-01
2.209426905408485783e-02 2.077539692380008518e-01 7.701517617079142175e-01
2.209424115523110979e-02 2.077539096650639627e-01 7.701518491797049171e-01
5.314251809046460773e-02 9.353258590364948999e-02 8.533248960058857913e-01
5.312470072362298484e-02 9.352540611573076368e-02 8.533498931606462445e-01
5.308451460107272563e-02 9.350920374459495421e-02 8.534062816543322993e-01
5.335001306603088383e-02 9.361602441949298803e-02 8.530339625144761628e-01
2.180405473129527760e-02 1.488728034866526606e-01 8.293231417820521312e-01
4.479192168314683614e-02 2.439856036479485790e-01 7.112224746689045363e-01
1.089712756477081296e-01 1.352594565503448254e-01 7.557692678019470867e-01
1.089858342331943702e-01 1.352624809501820347e-01 7.557516848166235812e-01
1.089774053584226243e-01 1.352607300103920995e-01 7.557618646311852206e-01
1.089926033279847856e-01 1.352638869541648858e-01 7.557435097178503147e-01
4.475568231951725789e-02 2.511296228111631335e-01 7.041146948693195462e-01
4.479268463486166252e-02 2.439864266488648570e-01 7.112208887162734250e-01
1.089774053584226243e-01 1.352607300103920995e-01 7.557618646311852206e-01
1.089920925017112685e-01 1.352637808553870113e-01 7.557441266429016924e-01
1.089714033809127680e-01 1.352594830882833388e-01 7.557691135308038932e-01
1.089729357103368934e-01 1.352598014424436501e-01 7.557672628472195120e-01
2.199465221251544270e-02 2.023344810934457338e-01 7.756708666940387298e-01
4.473723976063648244e-02 2.634188735868313591e-01 6.918438866525321584e-01
1.089402483625058621e-01 1.352530089108110734e-01 7.558067427266830229e-01
5.310245374043926631e-02 9.351643800227597836e-02 8.533811082572846374e-01
5.308451460107272563e-02 9.350920374459495421e-02 8.534062816543322993e-01
5.312470072362298484e-02 9.352540611573076368e-02 8.533498931606462445e-01
5.314251809046460773e-02 9.353258590364948999e-02 8.533248960058857913e-01
2.214981965123274596e-02 2.099872790865294492e-01 7.678629012622377736e-01
2.212209820436486160e-02 2.088684140191740257e-01 7.690094877764610537e-01
2.197271544417193911e-02 2.022883492851620668e-01 7.757389352706660635e-01
2.197271544417193911e-02 2.022883492851620668e-01 7.757389352706660635e-01
2.197413276666239715e-02 2.022913310903175776e-01 7.757345361430201258e-01
4.489987932927994030e-02 2.636032624763962051e-01 6.914968581943238268e-01
2.214981965123274596e-02 2.099872790865294492e-01 7.678629012622377736e-01
4.744586714047114434e-02 8.940616017734788479e-02 8.631479726821810194e-01
5.335676257594046401e-02 9.361873315811296281e-02 8.530245042659465593e-01
4.447493167105544959e-02 2.508195274322204127e-01 7.047055408967241030e-01
4.459107634858485575e-02 2.533751661844866332e-01 7.020337574669286429e-01
4.456234380645023030e-02 2.509163015702717270e-01 7.045213546232781399e-01
4.475768845261501178e-02 2.634420969825048697e-01 6.918002145648800560e-01
4.477419440569396780e-02 2.634608342065978825e-01 6.917649713877080941e-01
4.477639375955071860e-02 2.647175987822332210e-01 6.905060074582161089e-01
4.476166330134314503e-02 2.621965962209065748e-01 6.930417404777502455e-01
2.211308309194491561e-02 2.088491066602410906e-01 7.690378102478140354e-01
1.089776608373815847e-01 1.352607830843287062e-01 7.557615560782896535e-01
5.307699127741187517e-02 9.350616911955701716e-02 8.534168396030310522e-01
2.216840741821557437e-02 2.100271759668096705e-01 7.678044166149746719e-01
2.196529673195450269e-02 2.022727387482238792e-01 7.757619645198216007e-01
2.196524117664522269e-02 2.022726218301934276e-01 7.757621369931614330e-01
2.209463163761559573e-02 2.077547434631035472e-01 7.701506248992807668e-01
2.209460375925157566e-02 2.077546839348036745e-01 7.701507123059447846e-01
1.090824235958591931e-01 1.352825310007340076e-01 7.556350454034067576e-01
1.090821680005657768e-01 1.352824779795261667e-01 7.556353540199081120e-01
1.090826792875786572e-01 1.352825840417570813e-01 7.556347366706643864e-01
4.487309479972171472e-02 2.623225510703983132e-01 6.928043541298799513e-01
4.483972614421893182e-02 2.597969308611118300e-01 6.953633429946692868e-01
5.038217063948960406e-02 2.377398980624661762e-01 7.118779312980442198e-01
1.089503346140626022e-01 1.352551051926588199e-01 7.557945601932786195e-01
4.479763715587072731e-02 2.634874329967962225e-01 6.917149298473329599e-01
4.479904516805131853e-02 2.634890300827853471e-01 6.917119247491633205e-01
2.197127041418132920e-02 2.022853090096181916e-01 7.757434205762004931e-01
2.215018288797801493e-02 2.099880590308373096e-01 7.678617580811847310e-01
2.219235601083801787e-02 2.100785346116475771e-01 7.677291093775143738e-01
2.209460375925157566e-02 2.077546839348036745e-01 7.701507123059447846e-01
2.209460375925157566e-02 2.077546839348036745e-01 7.701507123059447846e-01
2.209460375925157566e-02 2.077546839348036745e-01 7.701507123059447846e-01
4.491950429054628047e-02 2.611285613067641509e-01 6.939519344026895409e-01
2.214981965123274596e-02 2.099872790865294492e-01 7.678629012622377736e-01
2.188703961969758888e-02 1.990373387938583760e-01 7.790756215864440559e-01
2.197477198252727193e-02 2.022926758349068987e-01 7.757325521825659820e-01
4.489987932927994030e-02 2.636032624763962051e-01 6.914968581943238268e-01
2.214984759876870851e-02 2.099873390960730890e-01 7.678628133051582649e-01
2.209424115523110979e-02 2.077539096650639627e-01 7.701518491797049171e-01
2.478634792873176534e-02 1.665337143215938898e-01 8.086799377496742824e-01
2.477797336911124332e-02 1.665204985771551738e-01 8.087015280537335205e-01
2.475908533548476509e-02 1.664906770686620796e-01 8.087502375958530720e-01
2.488572223244385484e-02 1.666902316949379348e-01 8.084240460726181965e-01
2.180329744634086978e-02 1.488715548474622008e-01 8.293251477061969190e-01
4.468000739520324588e-02 2.438647180566377859e-01 7.114552745481589335e-01
4.473779550924727316e-02 2.621695732076490537e-01 6.930926312831036107e-01
4.476762920510214683e-02 2.647076209239753175e-01 6.905247498709226051e-01
2.474608123019541792e-02 1.664701336436197054e-01 8.087837851261848732e-01
2.474863652395195221e-02 1.664741711663578483e-01 8.087771923096902515e-01
4.473723976063648244e-02 2.634188735868313591e-01 6.918438866525321584e-01
2.475135092801806352e-02 1.664784596859472665e-01 8.087701893860346214e-01
4.477022592685438868e-02 2.647105773401500772e-01 6.905191967329954439e-01
4.474010638943937829e-02 2.634221298889636853e-01 6.918377637215969989e-01
4.475568231951725789e-02 2.511296228111631335e-01 7.041146948693195462e-01
4.479268463486166252e-02 2.439864266488648570e-01 7.112208887162734250e-01
4.477022592685438868e-02 2.647105773401500772e-01 6.905191967329954439e-01
4.473448149573240606e-02 2.634157401641783469e-01 6.918497783400893164e-01
5.042818711487065397e-02 2.389446711500888276e-01 7.106271417350406017e-01
4.473723976063648244e-02 2.634188735868313591e-01 6.918438866525321584e-01
2.475191907327574728e-02 1.664793572523661780e-01 8.087687236743581476e-01
2.474652202170238985e-02 1.664708301481034325e-01 8.087826478301941568e-01
2.196666369926185761e-02 2.012472574761831889e-01 7.767860788245549708e-01
4.473723976063648244e-02 2.634188735868313591e-01 6.918438866525321584e-01
4.475448537182737802e-02 2.646926535512085232e-01 6.905528610769640085e-01
2.476751692102255667e-02 1.665039918455648305e-01 8.087284912334125053e-01
2.475908533548476509e-02 1.664906770686620796e-01 8.087502375958530720e-01
2.477794178771774991e-02 1.665204487315739001e-01 8.087016094807083499e-01
2.475889589174910810e-02 1.664903778612563667e-01 8.087507262469946223e-01
2.477797336911124332e-02 1.665204985771551738e-01 8.087015280537335205e-01
5.034773628022439634e-02 2.365501861442715348e-01 7.131020775755039232e-01
2.214981965123274596e-02 2.099872790865294492e-01 7.678629012622377736e-01
2.197271544417193911e-02 2.022883492851620668e-01 7.757389352706660635e-01
2.197271544417193911e-02 2.022883492851620668e-01 7.757389352706660635e-01
2.194546854554000129e-02 2.012028128213340095e-01 7.768517186331260760e-01
4.489987932927994030e-02 2.636032624763962051e-01 6.914968581943238268e-01
2.212209820436486160e-02 2.088684140191740257e-01 7.690094877764610537e-01
2.214474569133985382e-02 1.592973556307745453e-01 8.185578986778855315e-01
2.488705487109084749e-02 1.666923268450638818e-01 8.084206182838451493e-01
5.048965287263263574e-02 2.390012029438901564e-01 7.105091441834771038e-01
4.479169161591814441e-02 2.659935289143282588e-01 6.892147794697536245e-01
4.472342306160885517e-02 2.510940984643499352e-01 7.041824784740412513e-01
4.471667248660419341e-02 2.415441701444772660e-01 7.137391573689184643e-01
4.473527887161559552e-02 2.609210078029396973e-01 6.943437133254446447e-01
4.475644261991277434e-02 2.597033214174023774e-01 6.955402359626847719e-01
5.051319443432963213e-02 2.390228345993777037e-01 7.104639709662926572e-01
4.480148219250561920e-02 2.634917942317366313e-01 6.917067235757579091e-01
5.038838750448047799e-02 2.389080256170459660e-01 7.107035868784734589e-01
5.042891985682133177e-02 2.389453455228280621e-01 7.106257346203506131e-01
4.479649993443859252e-02 2.634861430244997971e-01 6.917173570410617423e-01
4.476171741018774436e-02 2.621966574648778581e-01 6.930416251249343906e-01
2.474863652395195221e-02 1.664741711663578483e-01 8.087771923096902515e-01
2.474642696695933397e-02 1.664706799509215185e-01 8.087828930821191475e-01
2.202599144372402798e-02 2.034333873045536256e-01 7.745406212517222944e-01
2.215940516840931782e-02 2.100078572838386670e-01 7.678327375477520533e-01
2.475690684031657540e-02 1.664872362304378739e-01 8.087558569292455646e-01
2.171304450461268576e-02 1.471368952832512733e-01 8.311500602121361103e-01
2.474585863500941216e-02 1.664697819117998967e-01 8.087843594531907154e-01
2.474541818637600657e-02 1.664690859324591821e-01 8.087854958811647732e-01
5.036392397556370415e-02 2.388854848957978061e-01 7.107505911286385869e-01
2.212248902906270576e-02 2.088692508737642894e-01 7.690082600971729354e-01
2.212248902906270576e-02 2.088692508737642894e-01 7.690082600971729354e-01
2.197293775977604904e-02 2.022888170107999539e-01 7.757382452294240283e-01
2.197304890796241902e-02 2.022890508517888875e-01 7.757379002402486901e-01
2.197404939109131108e-02 2.022911556871146155e-01 7.757347949217942018e-01
2.217735282137846958e-02 1.593533180192349408e-01 8.184693291593866382e-01
2.215021081498805972e-02 2.099881189954148630e-01 7.678616701895970564e-01
2.208838674781553671e-02 2.066908819236950023e-01 7.712207313284894505e-01
2.203057389381310807e-02 2.044803794577814415e-01 7.734890466484053428e-01
2.209463163761559573e-02 2.077547434631035472e-01 7.701506248992807668e-01
2.212251695284787531e-02 2.088693106651423881e-01 7.690081723820098025e-01
4.491966729953545540e-02 2.611287445465348411e-01 6.939515881539296549e-01
2.214981965123274596e-02 2.099872790865294492e-01 7.678629012622377736e-01
2.197341019543568377e-02 2.022898109451740367e-01 7.757367788593904079e-01
2.197477198252727193e-02 2.022926758349068987e-01 7.757325521825659820e-01
4.490112756513598563e-02 2.636046748150208119e-01 6.914941976198432094e-01
2.214984759876870851e-02 2.099873390960730890e-01 7.678628133051582649e-01
2.214981965123274596e-02 2.099872790865294492e-01 7.678629012622377736e-01
5.312470072362298484e-02 9.352540611573076368e-02 8.533498931606462445e-01
5.308411153608686567e-02 9.350904117415539951e-02 8.534068472897576862e-01
5.312470072362298484e-02 9.352540611573076368e-02 8.533498931606462445e-01
5.308451460107272563e-02 9.350920374459495421e-02 8.534062816543322993e-01
5.335001306603088383e-02 9.361602441949298803e-02 8.530339625144761628e-01
2.165674722943018715e-02 1.454744563704359894e-01 8.328687964001338928e-01
4.450411999301278482e-02 2.436740746308488081e-01 7.118218053761383723e-01
4.471411950537638319e-02 2.608971095286123920e-01 6.943887709660112595e-01
1.088763026106108200e-01 1.352397119007503479e-01 7.558839854886387766e-01
1.088738781072224049e-01 1.352392075130655069e-01 7.558869143797121160e-01
1.088706881481171784e-01 1.352385438560921860e-01 7.558907679957906911e-01
1.088699225546348875e-01 1.352383845733742262e-01 7.558916928719908723e-01
1.091359885074805330e-01 1.352936384798030800e-01 7.555703730127163453e-01
1.089774053584226243e-01 1.352607300103920995e-01 7.557618646311852206e-01
1.089926033279847856e-01 1.352638869541648858e-01 7.557435097178503147e-01
4.475443282226945069e-02 2.511282473612879151e-01 7.041173198164425440e-01
4.474003874075629938e-02 2.511123993318218894e-01 7.041475619274217834e-01
1.090661924517419001e-01 1.352791636070987125e-01 7.556546439411594429e-01
1.089038680171413170e-01 1.352454453501579501e-01 7.558506866327008300e-01
4.482169563840459475e-02 2.585390936036777165e-01 6.966392107579175708e-01
1.090494522403363670e-01 1.352756898077318026e-01 7.556748579519317888e-01
1.088978694447985118e-01 1.352441978670074763e-01 7.558579326881940119e-01
2.199534763064388970e-02 2.023359428407152660e-01 7.756687095286407541e-01
1.091040258098169430e-01 1.352870115305650489e-01 7.556089626596180775e-01
5.310218492837376347e-02 9.351632961714465009e-02 8.533814854544816697e-01
5.308451460107272563e-02 9.350920374459495421e-02 8.534062816543322993e-01
5.312463353198293436e-02 9.352537903529890839e-02 8.533499874327180601e-01
5.314251809046460773e-02 9.353258590364948999e-02 8.533248960058857913e-01
2.214456747878917886e-02 2.099760002900585287e-01 7.678794322311522924e-01
2.214981965123274596e-02 2.099872790865294492e-01 7.678629012622377736e-01
2.197271544417193911e-02 2.022883492851620668e-01 7.757389352706660635e-01
2.197271544417193911e-02 2.022883492851620668e-01 7.757389352706660635e-01
2.197413276666239715e-02 2.022913310903175776e-01 7.757345361430201258e-01
4.481746128335757640e-02 2.610137115472231373e-01 6.941688271694191892e-01
2.214981965123274596e-02 2.099872790865294492e-01 7.678629012622377736e-01
5.335419765291449928e-02 9.361770383354434122e-02 8.530280985135411109e-01
4.744586714047114434e-02 8.940616017734788479e-02 8.631479726821810194e-01
2.215021081498805972e-02 2.099881189954148630e-01 7.678616701895970564e-01
2.196368002825744431e-02 1.539924159185543373e-01 8.240439040531882808e-01
2.214990347297632334e-02 2.099874590701540922e-01 7.678626374568695567e-01
2.214984759876870851e-02 2.099873390960730890e-01 7.678628133051582649e-01
2.224288043476289542e-02 2.101867212608330149e-01 7.675703983044041001e-01
5.307840178996211383e-02 9.350673809949856807e-02 8.534148601105393528e-01
1.090986568273538265e-01 1.352858980713008141e-01 7.556154451013452622e-01
4.477346624170658318e-02 2.622099536602587877e-01 6.930165800980346846e-01
4.480389838922949758e-02 2.585191583130571069e-01 6.966769432977134580e-01
1.089514836433774642e-01 1.352553439832629711e-01 7.557931723733595231e-01
1.089742127775471248e-01 1.352600667586037475e-01 7.557657204638491555e-01
1.093361305469458256e-01 1.353350681561565905e-01 7.553288012968975007e-01
1.091274217063395446e-01 1.352918625793193830e-01 7.555807157143410446e-01
1.090385915358191710e-01 1.352734356479301792e-01 7.556879728162507748e-01
1.090972507349827481e-01 1.352856064518081214e-01 7.556171428132092416e-01
2.164313900215809883e-02 1.462353696488751242e-01 8.321214913489667353e-01
1.090697708595453896e-01 1.352799060662947250e-01 7.556503230741599131e-01
9.885990093025637249e-02 1.536222697975043738e-01 7.475178292722393092e-01
1.091225631775581267e-01 1.352908553113016110e-01 7.555865815111402206e-01
1.091535074137944400e-01 1.352972694992769787e-01 7.555492230869285120e-01
4.467373594919613750e-02 2.596101728077321869e-01 6.957160912430716548e-01
1.089019535379397302e-01 1.352450472199135389e-01 7.558529992421466615e-01
1.089216100820427219e-01 1.352491344433779663e-01 7.558292554745792424e-01
2.215015494003559973e-02 2.099879990212453473e-01 7.678618460387190980e-01
2.201891105853794051e-02 2.044556987063710085e-01 7.735253902350909261e-01
2.202094258681266264e-02 2.044599986511487499e-01 7.735190587620385250e-01
2.209463163761559573e-02 2.077547434631035472e-01 7.701506248992807668e-01
2.210875824190948469e-02 2.067342029680965809e-01 7.711570387899938650e-01
2.214778009671170000e-02 2.099828995261777131e-01 7.678693203771106424e-01
4.487540469816408972e-02 2.512612217712969498e-01 7.038633735305389605e-01
1.088911055315830850e-01 1.352427910968195812e-01 7.558661033715974309e-01
1.091491594377446417e-01 1.352963684072034101e-01 7.555544721550518927e-01
2.209585892609206709e-02 2.077573640084430517e-01 7.701467770654648604e-01
2.215146819447485690e-02 2.099908187561241590e-01 7.678577130494009806e-01
4.491966729953545540e-02 2.611287445465348411e-01 6.939515881539296549e-01
2.214981965123274596e-02 2.099872790865294492e-01 7.678629012622377736e-01
2.199666096524460768e-02 2.033715306838406178e-01 7.746318083509148300e-01
2.197477198252727193e-02 2.022926758349068987e-01 7.757325521825659820e-01
2.211480915164620864e-02 2.099120497849362166e-01 7.679731410634176303e-01
4.480954570066327664e-02 2.610047906337736312e-01 6.941856636655631130e-01
4.475134862598287994e-02 2.659474629147777214e-01 6.893011884592393779e-01
2.214984759876870851e-02 2.099873390960730890e-01 7.678628133051582649e-01
2.214981965123274596e-02 2.099872790865294492e-01 7.678629012622377736e-01
2.478634792873176534e-02 1.665337143215938898e-01 8.086799377496742824e-01
2.477778378649218849e-02 1.665201993540468828e-01 8.087020168594609704e-01
2.475908533548476509e-02 1.664906770686620796e-01 8.087502375958530720e-01
2.488388201764859392e-02 1.666873383781843077e-01 8.084287796041670360e-01
2.165811398543494859e-02 1.454766818199967338e-01 8.328652041945683315e-01
4.470970295399560174e-02 2.415366872856028191e-01 7.137536097604015861e-01
4.474967291912423928e-02 2.659455485121483553e-01 6.893047785687274054e-01
5.042812603439468522e-02 2.389446149347093373e-01 7.106272590308959636e-01
5.043508781747289837e-02 2.389510217222902688e-01 7.106138904602368189e-01
5.043105719562004235e-02 2.389473125422005018e-01 7.106216302621795045e-01
5.043832476675469412e-02 2.389540002875223945e-01 7.106076749457229669e-01
4.475644289367766010e-02 2.511304600329385406e-01 7.041130970733838756e-01
4.471498447388857350e-02 2.415423579191045000e-01 7.137426576070068363e-01
5.047357709017036981e-02 2.389864249553776410e-01 7.105399979544519962e-01
5.039583245933439842e-02 2.389148830025691894e-01 7.106892845380964330e-01
5.042678260202622387e-02 2.389433784884705814e-01 7.106298389095032642e-01
5.043020225918463939e-02 2.389465257446842239e-01 7.106232719961311783e-01
2.205232883082094975e-02 2.045263854690618777e-01 7.734212857001172559e-01
5.049038648863313911e-02 2.390018772109090139e-01 7.105077363004578261e-01
2.476739057581180820e-02 1.665037923567935230e-01 8.087288170673947452e-01
2.475889589174910810e-02 1.664903778612563667e-01 8.087507262469946223e-01
2.477778378649218849e-02 1.665201993540468828e-01 8.087020168594609704e-01
2.478634792873176534e-02 1.665337143215938898e-01 8.086799377496742824e-01
2.212209820436486160e-02 2.088684140191740257e-01 7.690094877764610537e-01
2.214981965123274596e-02 2.099872790865294492e-01 7.678629012622377736e-01
2.194405254019297924e-02 2.011998421861914965e-01 7.768561052736155936e-01
2.197271544417193911e-02 2.022883492851620668e-01 7.757389352706660635e-01
2.197413276666239715e-02 2.022913310903175776e-01 7.757345361430201258e-01
4.481740704867043235e-02 2.610136504302118521e-01 6.941689425211177156e-01
2.214981965123274596e-02 2.099872790865294492e-01 7.678629012622377736e-01
4.491749387809601535e-02 2.611263013257168475e-01 6.939562047961870261e-01
2.214981965123274596e-02 2.099872790865294492e-01 7.678629012622377736e-01
2.200116662091451333e-02 2.033810377401512881e-01 7.746177956389341812e-01
2.194408029067860047e-02 2.011999004055454177e-01 7.768560193037759021e-01
2.197418834359394710e-02 2.022914480111840940e-01 7.757343636452219693e-01
4.481756971222913138e-02 2.610138337353618554e-01 6.941685965524090340e-01
2.212209820436486160e-02 2.088684140191740257e-01 7.690094877764610537e-01
2.214981965123274596e-02 2.099872790865294492e-01 7.678629012622377736e-01
2.162358011299186575e-02 1.454204140657665567e-01 8.329560058212416296e-01
2.476697999962886032e-02 1.665031440842561772e-01 8.087298759161150041e-01
2.203160406739010715e-02 2.044825589313758740e-01 7.734858370012339668e-01
4.471460329819066520e-02 2.415419486844209429e-01 7.137434480173884266e-01
5.042818711487065397e-02 2.389446711500888276e-01 7.106271417350406017e-01
5.043508781747289837e-02 2.389510217222902688e-01 7.106138904602368189e-01
5.051313325838008295e-02 2.390227784010527934e-01 7.104640883405670682e-01
4.475568231951725789e-02 2.511296228111631335e-01 7.041146948693195462e-01
4.478034579718121605e-02 2.487452681549763012e-01 7.064743860478425175e-01
5.051313325838008295e-02 2.390227784010527934e-01 7.104640883405670682e-01
2.488705487109084749e-02 1.666923268450638818e-01 8.084206182838451493e-01
2.214976377722827766e-02 2.099871591124726489e-01 7.678630771102991082e-01
2.214976377722827766e-02 2.099871591124726489e-01 7.678630771102991082e-01
4.481756971222913138e-02 2.610138337353618554e-01 6.941685965524090340e-01
2.197477198252727193e-02 2.022926758349068987e-01 7.757325521825659820e-01
2.197341019543568377e-02 2.022898109451740367e-01 7.757367788593904079e-01
2.214981965123274596e-02 2.099872790865294492e-01 7.678629012622377736e-01
2.214474569133985382e-02 1.592973556307745453e-01 8.185578986778855315e-01
5.046398276813551104e-02 2.389776026964694766e-01 7.105584145353950332e-01
5.046398276813551104e-02 2.389776026964694766e-01 7.105584145353950332e-01
5.043655358887758067e-02 2.389523705171703594e-01 7.106110758939520045e-01
5.046398276813551104e-02 2.389776026964694766e-01 7.105584145353950332e-01
5.043655358887758067e-02 2.389523705171703594e-01 7.106110758939520045e-01
5.046392164745393955e-02 2.389775464882662181e-01 7.105585318642798631e-01
5.046129421083245942e-02 2.389751301564343733e-01 7.105635756327332020e-01
5.036776662878924421e-02 2.388890263225456334e-01 7.107432070486651154e-01
5.041200735702568853e-02 2.389297774844118816e-01 7.106582151585623119e-01
2.215056499810034302e-02 1.593073483710220895e-01 8.185420866308774634e-01
2.210546233601010796e-02 2.056807686215538777e-01 7.722137690424359935e-01
2.475700155469729574e-02 1.664873858332930057e-01 8.087556126120097888e-01
2.478056445547445127e-02 1.665245879504605175e-01 8.086948475940650694e-01
5.038857056640888565e-02 2.389081942448426088e-01 7.107032351887485611e-01
2.475204534263829650e-02 1.664795567325515480e-01 8.087683979248101451e-01
2.475195064647980545e-02 1.664794071317606816e-01 8.087686422217595927e-01
5.047162142203631685e-02 2.389846268122022832e-01 7.105437517657613444e-01
5.058149193792416121e-02 2.390855280345454137e-01 7.103329800275304251e-01
5.037764905762217443e-02 2.388981326924498327e-01 7.107242182499279304e-01
5.079581186856080982e-02 2.392816544797891354e-01 7.099225336516499230e-01
5.042287474464231256e-02 2.389397816314797196e-01 7.106373436238779817e-01
4.476824079021504005e-02 2.634540766514977261e-01 6.917776825582873101e-01
5.046263849580559513e-02 2.389763664505005769e-01 7.105609950536937447e-01
4.476824079021504005e-02 2.634540766514977261e-01 6.917776825582873101e-01
5.058100201063205764e-02 2.390850786417686447e-01 7.103339193475992630e-01
2.492331657171218198e-02 1.667492984125513167e-01 8.083273850157364215e-01
2.502701447773145182e-02 1.669118128530620027e-01 8.080611726692064067e-01
2.475112996891878914e-02 1.664781106056988091e-01 8.087707594253824572e-01
2.481126643208078977e-02 1.665730142185597173e-01 8.086157193493594963e-01
2.481829095601888538e-02 1.665840864918553266e-01 8.085976225521258609e-01
5.048659626097919823e-02 2.389983934930167142e-01 7.105150102460040529e-01
5.046398276813551104e-02 2.389776026964694766e-01 7.105584145353950332e-01
5.048543481831242047e-02 2.389973259164117070e-01 7.105172392652758795e-01
5.048543481831242047e-02 2.389973259164117070e-01 7.105172392652758795e-01
5.041322829679708434e-02 2.389309015590356522e-01 7.106558701441672010e-01
5.044699826197380360e-02 2.389619803922931329e-01 7.105910213457331537e-01
5.036234016225766413e-02 2.388840251509677104e-01 7.107536346867746602e-01
5.043655358887758067e-02 2.389523705171703594e-01 7.106110758939520045e-01
5.043643145502797742e-02 2.389522581319232231e-01 7.106113104130489244e-01
5.045341266209008024e-02 2.389678810250279728e-01 7.105787063128820025e-01
5.310883793466725927e-02 9.351901195256610844e-02 8.533721501127666809e-01
3.261419387585174495e-02 1.774055556896935448e-01 7.899802504344546339e-01
2.480930495744706685e-02 1.665699219815262588e-01 8.086207730610267541e-01
4.536893275165121420e-02 2.666477247542278217e-01 6.879833424941209641e-01
2.201582236734316370e-02 2.044491604777015914e-01 7.735350171549553178e-01
2.212982310435548591e-02 2.099443244521877194e-01 7.679258524434566802e-01
2.493246937610813299e-02 1.667636668870960681e-01 8.083038637367958579e-01
2.488581742034534638e-02 1.666903813509392485e-01 8.084238012287154884e-01
2.507344133255018023e-02 1.669843776801522295e-01 8.079421809872976423e-01
2.482072782939806488e-02 1.665879269141060381e-01 8.085913452564957860e-01
2.476675890644764247e-02 1.665027949888282788e-01 8.087304461047241100e-01
2.476865396098732602e-02 1.665057870979759491e-01 8.087255589410368151e-01
2.476337972765724552e-02 1.664974590831184154e-01 8.087391611892243981e-01
4.744471526413142348e-02 2.689266041257343254e-01 6.836286806101342650e-01
2.478931916363314239e-02 1.665384022173127254e-01 8.086722786190541079e-01
2.478846570115015441e-02 1.665370557096315096e-01 8.086744785892183707e-01
2.481601252330950871e-02 1.665804954617924605e-01 8.086034920148981175e-01
2.501263064652308604e-02 1.668893066197116581e-01 8.080980627337651656e-01
2.482680522195677628e-02 1.665975031938985995e-01 8.085756915841445513e-01
2.477127570770078224e-02 1.665099262475590036e-01 8.087187980447402280e-01
2.474686918525467738e-02 1.664713787011788126e-01 8.087817521135666210e-01
4.474259453038319928e-02 2.634249560692986658e-01 6.918324494003180725e-01
4.474843678252599100e-02 2.634315913775217011e-01 6.918199718399522524e-01
4.474734699407634936e-02 2.646845228031226016e-01 6.905681302028011670e-01
4.482092880624800879e-02 2.635138453103324507e-01 6.916652258834196099e-01
4.479308847224154622e-02 2.634822731225100467e-01 6.917246384052484487e-01
4.484482804751584867e-02 2.635409310577352948e-01 6.916142408947488773e-01
2.214277977552651239e-02 2.099721607265063184e-01 7.678850594979670374e-01
2.214194185176261362e-02 2.099703609677226190e-01 7.678876971805147500e-01
2.207458346764190615e-02 2.066615079721879356e-01 7.712639085601702416e-01
2.215238206286235245e-02 1.593104681099242470e-01 8.185371498272133728e-01
2.475374990934138542e-02 1.664822495161144555e-01 8.087640005745441174e-01
2.475905375353462667e-02 1.664906271882769517e-01 8.087503190581883938e-01
4.482744513846206869e-02 2.524208129186966132e-01 7.027517419428412904e-01
2.475646485237426725e-02 1.664865380967752162e-01 8.087569970508504680e-01
4.475730967741934491e-02 2.634416669161100399e-01 6.918010234064706498e-01
4.473842968038331536e-02 2.634202252851685633e-01 6.918413450344481630e-01
5.043154577603888022e-02 2.389477621758516468e-01 7.106206920481095146e-01
2.197291641362426190e-02 1.992161663921901971e-01 7.788109171941856035e-01
4.496724717461858534e-02 2.661934614881167338e-01 6.888392913372646253e-01
4.767970891509876186e-02 8.950931800340738986e-02 8.628109730814939038e-01
4.771746013090286814e-02 8.952592641163008291e-02 8.627566134574670142e-01
4.771679119369941907e-02 8.952563222620292527e-02 8.627575765800975516e-01
4.753777105685173116e-02 8.944676077043743623e-02 8.630154681727109089e-01
5.321660393339483486e-02 9.356241445872308382e-02 8.532209816078819564e-01
4.881226465112083884e-02 9.000218620142766413e-02 8.611855491474513791e-01
4.778713971925795806e-02 8.955654856099141969e-02 8.626563117197506569e-01
4.795176807536388752e-02 8.962872870549457027e-02 8.624195032191415144e-01
4.756492623553719434e-02 8.945874283813377847e-02 8.629763309263290827e-01
4.764502204576834959e-02 8.949404665867860542e-02 8.628609312955530797e-01
2.171936930982826947e-02 1.487329375685233490e-01 8.295476931216484440e-01
4.762972121912547457e-02 8.948730689592397647e-02 8.628829718849505559e-01
4.765923409219478130e-02 8.950030498031874560e-02 8.628404609274864523e-01
4.778726149996060518e-02 8.955660204269998148e-02 8.626561364573395174e-01
4.763779607472012206e-02 8.949086399475328357e-02 8.628713399305265597e-01
5.307094645520656073e-02 9.350373055827769508e-02 8.534253229865156332e-01
4.838264949724484926e-02 8.981652861020079925e-02 8.618008218925544694e-01
4.769830744371102854e-02 8.951750187752448296e-02 8.627841906787645510e-01
5.307094645520656073e-02 9.350373055827769508e-02 8.534253229865156332e-01
4.761776308180110107e-02 8.948203809344758286e-02 8.629001988247513300e-01
2.225288435886015048e-02 1.594826738561173629e-01 8.182644417850225560e-01
2.237652150298308565e-02 1.596935882947054519e-01 8.179298902023114382e-01
2.234560753934376406e-02 1.596409476005730133e-01 8.180134448600832053e-01
2.221356454078849893e-02 1.594153825053064577e-01 8.183710529539049983e-01
2.220089959738794777e-02 1.593936857081569847e-01 8.184054146944549357e-01
2.226877376313462359e-02 1.595098372158909872e-01 8.182213890209744100e-01
2.256345094407318994e-02 1.600105426727516655e-01 8.174260063831750855e-01
2.226477898251365967e-02 1.595030096294220712e-01 8.182322113880643455e-01
